100,95.2,4.8
200,90.4,9.6
300,85.6,14.4
400,80.8,19.2
500,76.0,24.0
600,71.2,28.8
700,66.4,33.6
800,61.6,38.4
900,56.8,43.2
1000,52.0,48.0
1100,47.2,52.8
1200,42.4,57.6
1300,37.5,62.5
1400,32.7,67.3
1500,27.9,72.1
1600,23.1,76.9
1700,18.3,81.7
1800,13.5,86.5
1900,8.7,91.3
2000,3.9,96.1
2100,3.8,96.2
100,95.2,4.8
200,90.4,9.6
300,85.6,14.4
400,80.8,19.2
500,76.0,24.0
600,71.2,28.8
700,66.4,33.6
800,61.6,38.4
900,56.8,43.2
1000,52.0,48.0
1100,47.2,52.8
1200,42.4,57.6
1300,37.5,62.5
1400,32.7,67.3
1500,27.9,72.1
1600,23.1,76.9
1700,18.3,81.7
1800,13.5,86.5
1900,8.7,91.3
2000,3.9,96.1
2100,3.8,96.2
100,95.2,4.8
200,90.4,9.6
300,85.6,14.4
400,80.8,19.2
500,76.0,24.0
600,71.2,28.8
700,66.4,33.6
800,61.6,38.4
900,56.8,43.2
1000,52.0,48.0
1100,47.2,52.8
1200,42.4,57.6
1300,37.5,62.5
1400,32.7,67.3
1500,27.9,72.1
1600,23.1,76.9
1700,18.3,81.7
1800,13.5,86.5
1900,8.7,91.3
2000,3.9,96.1
2100,3.8,96.2
100,95.2,4.8
200,90.4,9.6
300,85.6,14.4
400,80.8,19.2
500,76.0,24.0
600,71.2,28.8
700,66.4,33.6
800,61.6,38.4
900,56.8,43.2
1000,52.0,48.0
1100,47.2,52.8
1200,42.4,57.6
1300,37.5,62.5
1400,32.7,67.3
1500,27.9,72.1
1600,23.1,76.9
1700,18.3,81.7
1800,13.5,86.5
1900,8.7,91.3
2000,3.9,96.1
2100,3.8,96.2
